20.00 82.648
20.36 82.655
20.73 82.663
21.11 82.670
21.50 82.677
21.89 82.684
22.29 82.691
22.69 82.698
23.10 82.704
23.52 82.710
23.95 82.716
24.39 82.721
24.83 82.726
25.28 82.730
25.74 82.733
26.21 82.736
26.69 82.738
27.18 82.740
27.67 82.740
28.17 82.740
28.69 82.738
29.21 82.736
29.74 82.732
30.28 82.727
30.83 82.721
31.39 82.713
31.97 82.704
32.55 82.693
33.14 82.680
33.74 82.665
34.36 82.648
34.98 82.629
35.62 82.607
36.27 82.583
36.93 82.556
37.60 82.527
38.28 82.495
38.98 82.460
39.69 82.422
40.41 82.381
41.15 82.337
41.90 82.290
42.66 82.241
43.44 82.188
44.23 82.132
45.03 82.073
45.85 82.012
46.68 81.948
47.53 81.880
48.40 81.811
49.28 81.739
50.18 81.664
51.09 81.587
52.02 81.509
52.97 81.428
53.93 81.345
54.91 81.260
55.91 81.173
56.93 81.085
57.97 80.994
59.02 80.903
60.09 80.810
61.19 80.715
62.30 80.619
63.44 80.522
64.59 80.424
65.77 80.325
66.96 80.224
68.18 80.123
69.42 80.021
70.69 79.918
71.97 79.815
73.28 79.711
74.62 79.606
75.97 79.501
77.36 79.395
78.76 79.289
80.20 79.182
81.66 79.075
83.14 78.967
84.66 78.859
86.20 78.750
87.77 78.640
89.36 78.530
90.99 78.419
92.65 78.308
94.33 78.196
96.05 78.084
97.80 77.971
99.58 77.858
101.39 77.745
103.23 77.632
105.11 77.518
107.03 77.405
108.97 77.292
110.96 77.179
112.98 77.067
115.03 76.955
117.13 76.843
119.26 76.732
121.43 76.623
123.64 76.514
125.89 76.406
128.18 76.299
130.51 76.194
132.89 76.090
135.31 75.987
137.77 75.886
140.28 75.786
142.83 75.687
145.43 75.589
148.07 75.493
150.77 75.398
153.51 75.303
156.31 75.210
159.15 75.118
162.05 75.026
165.00 74.936
168.00 74.846
171.06 74.758
174.17 74.670
177.34 74.584
180.57 74.500
183.86 74.417
187.20 74.335
190.61 74.256
194.08 74.180
197.61 74.105
201.21 74.034
204.87 73.965
208.60 73.900
212.39 73.837
216.26 73.778
220.19 73.723
224.20 73.671
228.28 73.622
232.44 73.577
236.67 73.536
240.97 73.498
245.36 73.464
249.82 73.434
254.37 73.406
259.00 73.382
263.71 73.361
268.51 73.343
273.40 73.328
278.38 73.316
283.44 73.306
288.60 73.298
293.85 73.292
299.20 73.289
304.65 73.287
310.19 73.288
315.84 73.289
321.59 73.292
327.44 73.296
333.40 73.302
339.47 73.308
345.64 73.316
351.93 73.324
358.34 73.333
364.86 73.343
371.50 73.353
378.26 73.364
385.15 73.376
392.16 73.388
399.29 73.400
406.56 73.413
413.96 73.427
421.49 73.441
429.16 73.455
436.97 73.471
444.93 73.486
453.02 73.503
461.27 73.519
469.66 73.537
478.21 73.555
486.91 73.573
495.78 73.592
504.80 73.612
513.99 73.632
523.34 73.652
532.87 73.674
542.56 73.695
552.44 73.718
562.49 73.741
572.73 73.765
583.15 73.790
593.77 73.816
604.57 73.842
615.57 73.870
626.78 73.898
638.18 73.927
649.80 73.958
661.63 73.989
673.67 74.021
685.93 74.053
698.41 74.087
711.12 74.121
724.06 74.156
737.24 74.192
750.66 74.228
764.32 74.265
778.23 74.304
792.39 74.343
806.82 74.383
821.50 74.424
836.45 74.467
851.67 74.511
867.17 74.557
882.96 74.605
899.02 74.654
915.39 74.706
932.05 74.761
949.01 74.818
966.28 74.877
983.87 74.940
1001.77 75.006
1020.00 75.075
1038.57 75.148
1057.47 75.225
1076.71 75.307
1096.31 75.393
1116.26 75.483
1136.58 75.578
1157.26 75.678
1178.32 75.783
1199.77 75.893
1221.60 76.007
1243.84 76.125
1266.47 76.248
1289.52 76.374
1312.99 76.504
1336.89 76.637
1361.22 76.772
1385.99 76.911
1411.22 77.053
1436.90 77.197
1463.05 77.345
1489.68 77.498
1516.79 77.654
1544.40 77.816
1572.50 77.983
1601.12 78.156
1630.26 78.336
1659.93 78.523
1690.14 78.716
1720.90 78.917
1752.22 79.124
1784.11 79.337
1816.58 79.555
1849.64 79.778
1883.30 80.005
1917.58 80.234
1952.48 80.465
1988.01 80.696
2024.19 80.927
2061.03 81.156
2098.54 81.383
2136.73 81.607
2175.62 81.827
2215.22 82.041
2255.53 82.251
2296.58 82.453
2338.38 82.649
2380.94 82.836
2424.27 83.015
2468.39 83.184
2513.31 83.343
2559.05 83.491
2605.63 83.629
2653.05 83.756
2701.33 83.871
2750.50 83.975
2800.55 84.068
2851.52 84.149
2903.42 84.219
2956.26 84.279
3010.06 84.327
3064.85 84.365
3120.62 84.392
3177.42 84.409
3235.25 84.416
3294.13 84.413
3354.08 84.401
3415.12 84.379
3477.27 84.349
3540.56 84.311
3605.00 84.265
3670.60 84.213
3737.41 84.155
3805.43 84.092
3874.68 84.024
3945.20 83.951
4017.00 83.874
4090.11 83.794
4164.55 83.710
4240.34 83.623
4317.51 83.533
4396.09 83.441
4476.10 83.346
4557.56 83.250
4640.50 83.153
4724.96 83.055
4810.95 82.957
4898.51 82.859
4987.66 82.762
5078.43 82.666
5170.86 82.571
5264.97 82.476
5360.79 82.382
5458.35 82.287
5557.69 82.191
5658.84 82.092
5761.82 81.990
5866.69 81.883
5973.46 81.770
6082.17 81.650
6192.87 81.522
6305.57 81.385
6420.33 81.238
6537.18 81.082
6656.15 80.914
6777.29 80.736
6900.63 80.546
7026.22 80.344
7154.10 80.131
7284.30 79.907
7416.87 79.673
7551.85 79.428
7689.29 79.173
7829.23 78.909
7971.72 78.633
8116.80 78.347
8264.53 78.049
8414.94 77.739
8568.09 77.417
8724.02 77.083
8882.79 76.739
9044.46 76.384
9209.06 76.020
9376.66 75.648
9547.31 75.271
9721.07 74.890
9897.99 74.506
10078.13 74.122
10261.55 73.738
10448.30 73.354
10638.45 72.970
10832.07 72.587
11029.21 72.204
11229.94 71.822
11434.32 71.441
11642.41 71.062
11854.30 70.686
12070.04 70.314
12289.71 69.945
12513.38 69.582
12741.12 69.224
12973.00 68.874
13209.10 68.534
13449.50 68.205
13694.28 67.893
13943.51 67.599
14197.27 67.327
14455.66 67.082
14718.74 66.864
14986.62 66.674
15259.37 66.508
15537.08 66.357
15819.85 66.204
16107.76 66.019
16400.92 65.756
16699.41 65.347
17003.33 64.703
17312.78 63.706
17627.86 62.213
17948.68 60.059
18275.34 57.069
18607.94 53.076
18946.60 47.954
19291.42 41.676
19642.52 34.384
20000.00 26.434