20.00 82.854
20.36 82.869
20.73 82.885
21.11 82.901
21.50 82.916
21.89 82.932
22.29 82.948
22.69 82.964
23.10 82.979
23.52 82.995
23.95 83.010
24.39 83.025
24.83 83.040
25.28 83.055
25.74 83.069
26.21 83.082
26.69 83.095
27.18 83.107
27.67 83.118
28.17 83.128
28.69 83.138
29.21 83.146
29.74 83.153
30.28 83.160
30.83 83.165
31.39 83.169
31.97 83.172
32.55 83.174
33.14 83.174
33.74 83.174
34.36 83.172
34.98 83.169
35.62 83.165
36.27 83.159
36.93 83.153
37.60 83.145
38.28 83.136
38.98 83.126
39.69 83.114
40.41 83.102
41.15 83.088
41.90 83.073
42.66 83.056
43.44 83.038
44.23 83.019
45.03 82.999
45.85 82.977
46.68 82.953
47.53 82.929
48.40 82.902
49.28 82.874
50.18 82.843
51.09 82.811
52.02 82.777
52.97 82.741
53.93 82.703
54.91 82.662
55.91 82.619
56.93 82.573
57.97 82.524
59.02 82.473
60.09 82.418
61.19 82.361
62.30 82.300
63.44 82.235
64.59 82.168
65.77 82.096
66.96 82.021
68.18 81.942
69.42 81.859
70.69 81.772
71.97 81.681
73.28 81.586
74.62 81.487
75.97 81.385
77.36 81.278
78.76 81.167
80.20 81.053
81.66 80.935
83.14 80.813
84.66 80.688
86.20 80.560
87.77 80.429
89.36 80.295
90.99 80.158
92.65 80.019
94.33 79.877
96.05 79.734
97.80 79.590
99.58 79.444
101.39 79.297
103.23 79.149
105.11 79.001
107.03 78.853
108.97 78.705
110.96 78.557
112.98 78.410
115.03 78.265
117.13 78.121
119.26 77.978
121.43 77.838
123.64 77.700
125.89 77.564
128.18 77.431
130.51 77.301
132.89 77.174
135.31 77.050
137.77 76.930
140.28 76.813
142.83 76.700
145.43 76.591
148.07 76.485
150.77 76.384
153.51 76.286
156.31 76.193
159.15 76.104
162.05 76.019
165.00 75.938
168.00 75.862
171.06 75.790
174.17 75.722
177.34 75.660
180.57 75.601
183.86 75.548
187.20 75.499
190.61 75.455
194.08 75.415
197.61 75.381
201.21 75.351
204.87 75.325
208.60 75.304
212.39 75.288
216.26 75.276
220.19 75.268
224.20 75.265
228.28 75.265
232.44 75.269
236.67 75.276
240.97 75.287
245.36 75.300
249.82 75.317
254.37 75.336
259.00 75.357
263.71 75.381
268.51 75.406
273.40 75.434
278.38 75.463
283.44 75.493
288.60 75.525
293.85 75.557
299.20 75.591
304.65 75.625
310.19 75.660
315.84 75.695
321.59 75.731
327.44 75.767
333.40 75.803
339.47 75.840
345.64 75.876
351.93 75.912
358.34 75.947
364.86 75.982
371.50 76.016
378.26 76.049
385.15 76.081
392.16 76.112
399.29 76.141
406.56 76.167
413.96 76.192
421.49 76.214
429.16 76.234
436.97 76.251
444.93 76.266
453.02 76.277
461.27 76.285
469.66 76.291
478.21 76.294
486.91 76.294
495.78 76.292
504.80 76.287
513.99 76.280
523.34 76.271
532.87 76.260
542.56 76.247
552.44 76.233
562.49 76.216
572.73 76.197
583.15 76.176
593.77 76.153
604.57 76.127
615.57 76.099
626.78 76.068
638.18 76.034
649.80 75.997
661.63 75.956
673.67 75.912
685.93 75.864
698.41 75.813
711.12 75.759
724.06 75.701
737.24 75.640
750.66 75.577
764.32 75.512
778.23 75.445
792.39 75.377
806.82 75.310
821.50 75.243
836.45 75.179
851.67 75.118
867.17 75.063
882.96 75.014
899.02 74.975
915.39 74.945
932.05 74.927
949.01 74.923
966.28 74.934
983.87 74.961
1001.77 75.004
1020.00 75.065
1038.57 75.141
1057.47 75.234
1076.71 75.341
1096.31 75.461
1116.26 75.593
1136.58 75.733
1157.26 75.881
1178.32 76.034
1199.77 76.190
1221.60 76.346
1243.84 76.502
1266.47 76.655
1289.52 76.805
1312.99 76.950
1336.89 77.090
1361.22 77.225
1385.99 77.353
1411.22 77.477
1436.90 77.595
1463.05 77.708
1489.68 77.818
1516.79 77.926
1544.40 78.033
1572.50 78.141
1601.12 78.250
1630.26 78.364
1659.93 78.484
1690.14 78.611
1720.90 78.747
1752.22 78.893
1784.11 79.052
1816.58 79.224
1849.64 79.410
1883.30 79.611
1917.58 79.827
1952.48 80.059
1988.01 80.305
2024.19 80.565
2061.03 80.835
2098.54 81.115
2136.73 81.401
2175.62 81.690
2215.22 81.979
2255.53 82.265
2296.58 82.544
2338.38 82.814
2380.94 83.071
2424.27 83.314
2468.39 83.540
2513.31 83.747
2559.05 83.935
2605.63 84.103
2653.05 84.248
2701.33 84.372
2750.50 84.472
2800.55 84.548
2851.52 84.600
2903.42 84.626
2956.26 84.627
3010.06 84.600
3064.85 84.545
3120.62 84.462
3177.42 84.352
3235.25 84.213
3294.13 84.048
3354.08 83.858
3415.12 83.645
3477.27 83.410
3540.56 83.155
3605.00 82.885
3670.60 82.602
3737.41 82.309
3805.43 82.010
3874.68 81.708
3945.20 81.408
4017.00 81.112
4090.11 80.826
4164.55 80.550
4240.34 80.287
4317.51 80.039
4396.09 79.805
4476.10 79.586
4557.56 79.379
4640.50 79.183
4724.96 78.996
4810.95 78.814
4898.51 78.636
4987.66 78.458
5078.43 78.280
5170.86 78.100
5264.97 77.919
5360.79 77.737
5458.35 77.557
5557.69 77.380
5658.84 77.211
5761.82 77.052
5866.69 76.908
5973.46 76.781
6082.17 76.675
6192.87 76.592
6305.57 76.532
6420.33 76.497
6537.18 76.484
6656.15 76.491
6777.29 76.513
6900.63 76.543
7026.22 76.576
7154.10 76.602
7284.30 76.614
7416.87 76.602
7551.85 76.558
7689.29 76.473
7829.23 76.340
7971.72 76.156
8116.80 75.916
8264.53 75.622
8414.94 75.276
8568.09 74.881
8724.02 74.444
8882.79 73.969
9044.46 73.463
9209.06 72.932
9376.66 72.381
9547.31 71.814
9721.07 71.235
9897.99 70.646
10078.13 70.053
10261.55 69.458
10448.30 68.870
10638.45 68.298
10832.07 67.758
11029.21 67.271
11229.94 66.858
11434.32 66.542
11642.41 66.338
11854.30 66.256
12070.04 66.292
12289.71 66.435
12513.38 66.665
12741.12 66.958
12973.00 67.286
13209.10 67.625
13449.50 67.953
13694.28 68.254
13943.51 68.516
14197.27 68.734
14455.66 68.907
14718.74 69.037
14986.62 69.129
15259.37 69.184
15537.08 69.206
15819.85 69.191
16107.76 69.139
16400.92 69.046
16699.41 68.910
17003.33 68.729
17312.78 68.507
17627.86 68.248
17948.68 67.961
18275.34 67.656
18607.94 67.344
18946.60 67.038
19291.42 66.745
19642.52 66.466
20000.00 66.194