20.00 82.664
20.36 82.667
20.73 82.669
21.11 82.672
21.50 82.677
21.89 82.681
22.29 82.686
22.69 82.689
23.10 82.691
23.52 82.691
23.95 82.691
24.39 82.691
24.83 82.691
25.28 82.691
25.74 82.691
26.21 82.691
26.69 82.691
27.18 82.691
27.67 82.691
28.17 82.691
28.69 82.691
29.21 82.690
29.74 82.689
30.28 82.687
30.83 82.684
31.39 82.680
31.97 82.675
32.55 82.670
33.14 82.664
33.74 82.658
34.36 82.650
34.98 82.641
35.62 82.632
36.27 82.622
36.93 82.614
37.60 82.606
38.28 82.598
38.98 82.589
39.69 82.579
40.41 82.567
41.15 82.553
41.90 82.536
42.66 82.518
43.44 82.497
44.23 82.473
45.03 82.448
45.85 82.420
46.68 82.390
47.53 82.361
48.40 82.331
49.28 82.303
50.18 82.273
51.09 82.240
52.02 82.205
52.97 82.167
53.93 82.128
54.91 82.086
55.91 82.043
56.93 81.998
57.97 81.952
59.02 81.903
60.09 81.851
61.19 81.796
62.30 81.737
63.44 81.673
64.59 81.606
65.77 81.537
66.96 81.466
68.18 81.395
69.42 81.326
70.69 81.257
71.97 81.189
73.28 81.121
74.62 81.053
75.97 80.984
77.36 80.913
78.76 80.839
80.20 80.764
81.66 80.686
83.14 80.608
84.66 80.530
86.20 80.451
87.77 80.370
89.36 80.286
90.99 80.198
92.65 80.106
94.33 80.012
96.05 79.915
97.80 79.819
99.58 79.724
101.39 79.631
103.23 79.538
105.11 79.448
107.03 79.358
108.97 79.271
110.96 79.184
112.98 79.097
115.03 79.010
117.13 78.923
119.26 78.836
121.43 78.747
123.64 78.657
125.89 78.565
128.18 78.471
130.51 78.378
132.89 78.285
135.31 78.192
137.77 78.102
140.28 78.014
142.83 77.929
145.43 77.850
148.07 77.776
150.77 77.706
153.51 77.637
156.31 77.569
159.15 77.498
162.05 77.425
165.00 77.350
168.00 77.275
171.06 77.202
174.17 77.130
177.34 77.061
180.57 76.993
183.86 76.926
187.20 76.858
190.61 76.786
194.08 76.712
197.61 76.634
201.21 76.553
204.87 76.471
208.60 76.388
212.39 76.305
216.26 76.222
220.19 76.139
224.20 76.058
228.28 75.977
232.44 75.897
236.67 75.818
240.97 75.741
245.36 75.667
249.82 75.596
254.37 75.529
259.00 75.466
263.71 75.404
268.51 75.344
273.40 75.284
278.38 75.223
283.44 75.162
288.60 75.102
293.85 75.043
299.20 74.985
304.65 74.928
310.19 74.872
315.84 74.815
321.59 74.755
327.44 74.693
333.40 74.627
339.47 74.559
345.64 74.489
351.93 74.422
358.34 74.358
364.86 74.300
371.50 74.248
378.26 74.202
385.15 74.162
392.16 74.125
399.29 74.090
406.56 74.058
413.96 74.027
421.49 73.997
429.16 73.969
436.97 73.942
444.93 73.917
453.02 73.892
461.27 73.869
469.66 73.845
478.21 73.819
486.91 73.793
495.78 73.765
504.80 73.736
513.99 73.708
523.34 73.681
532.87 73.657
542.56 73.637
552.44 73.622
562.49 73.610
572.73 73.602
583.15 73.595
593.77 73.589
604.57 73.584
615.57 73.582
626.78 73.582
638.18 73.586
649.80 73.595
661.63 73.609
673.67 73.631
685.93 73.660
698.41 73.697
711.12 73.742
724.06 73.794
737.24 73.852
750.66 73.914
764.32 73.977
778.23 74.039
792.39 74.097
806.82 74.153
821.50 74.206
836.45 74.259
851.67 74.312
867.17 74.369
882.96 74.429
899.02 74.494
915.39 74.566
932.05 74.645
949.01 74.729
966.28 74.819
983.87 74.913
1001.77 75.010
1020.00 75.112
1038.57 75.217
1057.47 75.326
1076.71 75.436
1096.31 75.546
1116.26 75.655
1136.58 75.761
1157.26 75.866
1178.32 75.970
1199.77 76.073
1221.60 76.175
1243.84 76.275
1266.47 76.372
1289.52 76.466
1312.99 76.556
1336.89 76.641
1361.22 76.720
1385.99 76.797
1411.22 76.873
1436.90 76.952
1463.05 77.037
1489.68 77.127
1516.79 77.226
1544.40 77.333
1572.50 77.452
1601.12 77.586
1630.26 77.735
1659.93 77.900
1690.14 78.077
1720.90 78.265
1752.22 78.461
1784.11 78.666
1816.58 78.879
1849.64 79.097
1883.30 79.319
1917.58 79.537
1952.48 79.743
1988.01 79.933
2024.19 80.107
2061.03 80.275
2098.54 80.448
2136.73 80.635
2175.62 80.841
2215.22 81.069
2255.53 81.315
2296.58 81.570
2338.38 81.823
2380.94 82.056
2424.27 82.259
2468.39 82.425
2513.31 82.557
2559.05 82.659
2605.63 82.738
2653.05 82.795
2701.33 82.836
2750.50 82.865
2800.55 82.886
2851.52 82.903
2903.42 82.919
2956.26 82.932
3010.06 82.940
3064.85 82.940
3120.62 82.929
3177.42 82.905
3235.25 82.867
3294.13 82.815
3354.08 82.751
3415.12 82.675
3477.27 82.591
3540.56 82.499
3605.00 82.403
3670.60 82.305
3737.41 82.206
3805.43 82.107
3874.68 82.008
3945.20 81.911
4017.00 81.817
4090.11 81.728
4164.55 81.646
4240.34 81.573
4317.51 81.510
4396.09 81.456
4476.10 81.410
4557.56 81.371
4640.50 81.338
4724.96 81.311
4810.95 81.291
4898.51 81.277
4987.66 81.271
5078.43 81.270
5170.86 81.275
5264.97 81.285
5360.79 81.296
5458.35 81.307
5557.69 81.317
5658.84 81.323
5761.82 81.325
5866.69 81.323
5973.46 81.319
6082.17 81.314
6192.87 81.310
6305.57 81.309
6420.33 81.311
6537.18 81.317
6656.15 81.328
6777.29 81.342
6900.63 81.358
7026.22 81.376
7154.10 81.393
7284.30 81.406
7416.87 81.412
7551.85 81.407
7689.29 81.384
7829.23 81.341
7971.72 81.274
8116.80 81.182
8264.53 81.067
8414.94 80.934
8568.09 80.787
8724.02 80.629
8882.79 80.460
9044.46 80.282
9209.06 80.095
9376.66 79.903
9547.31 79.705
9721.07 79.502
9897.99 79.296
10078.13 79.088
10261.55 78.880
10448.30 78.674
10638.45 78.467
10832.07 78.255
11029.21 78.036
11229.94 77.808
11434.32 77.573
11642.41 77.330
11854.30 77.078
12070.04 76.819
12289.71 76.553
12513.38 76.280
12741.12 76.001
12973.00 75.724
13209.10 75.453
13449.50 75.189
13694.28 74.928
13943.51 74.665
14197.27 74.399
14455.66 74.132
14718.74 73.869
14986.62 73.612
15259.37 73.359
15537.08 73.103
15819.85 72.837
16107.76 72.563
16400.92 72.284
16699.41 72.006
17003.33 71.733
17312.78 71.462
17627.86 71.187
17948.68 70.905
18275.34 70.614
18607.94 70.322
18946.60 70.043
19291.42 69.801
19642.52 69.602
20000.00 69.418